100|101|2|16|1|3|d8d211d302|1|1569735165750
100|101|2|256|1|3|765603|1|1569735166520
100|101|2|1280|1|3|698701|1|1569735167524
100|101|2|16|1|3|afdd127502|1|1569735175528
100|101|2|256|1|3|8f9f03|1|1569735176516
100|101|2|1280|1|3|500e01|1|1569735177522
100|101|2|16|1|3|5a2fbca402|1|1569735185531
100|101|2|256|1|3|aa3903|1|1569735186526
100|101|2|1280|1|3|467101|1|1569735187524
100|101|2|16|1|3|ea67861002|1|1569735195524
100|101|2|256|1|3|0a0303|1|1569735196528
100|101|2|1280|1|3|962501|1|1569735197516
100|101|2|16|1|3|25ec876202|1|1569735205526
100|101|2|256|1|3|25b703|1|1569735206523
100|101|2|1280|1|3|c79701|1|1569735207524
100|101|2|16|1|3|7297de5f02|1|1569735215535
100|101|2|256|1|3|425b03|1|1569735216523
100|101|2|1280|1|3|2aa601|1|1569735217524
100|101|2|16|1|3|74e12cab02|1|1569735225526
100|101|2|256|1|3|703b03|1|1569735226529
100|101|2|1280|1|3|5f0701|1|1569735227529
100|101|2|16|1|3|98908ff802|1|1569735235521
100|101|2|256|1|3|6ca103|1|1569735236519
100|101|2|1280|1|3|aa8d01|1|1569735237533
100|101|2|16|1|3|b9197aea02|1|1569735245522
100|101|2|256|1|3|15f103|1|1569735246551
100|101|2|1280|1|3|6b6201|1|1569735247528
100|101|2|16|1|3|15a1b32902|1|1569735255524
100|101|2|256|1|3|c5ca03|1|1569735256527
100|101|2|1280|1|3|094601|1|1569735257529
100|101|2|16|1|3|2cb2dffe02|1|1569735265525
100|101|2|256|1|3|4d3a03|1|1569735266534
100|101|2|1280|1|3|077601|1|1569735267528
100|101|2|16|1|3|1850593402|1|1569735275532
100|101|2|256|1|3|ef9e03|1|1569735276531
100|101|2|1280|1|3|d01401|1|1569735277521
100|101|2|16|1|3|646ebd7202|1|1569735285529
100|101|2|256|1|3|7c8303|1|1569735286529
100|101|2|1280|1|3|754b01|1|1569735287530
100|101|2|16|1|3|631c19fe02|1|1569735295526
100|101|2|256|1|3|bd6803|1|1569735296523
100|101|2|1280|1|3|d73b01|1|1569735297522
100|101|2|16|1|3|cf8b805c02|1|1569735305519
100|101|2|256|1|3|d66b03|1|1569735306529
100|101|2|1280|1|3|acdd01|1|1569735307532
100|101|2|16|1|3|ccd366f002|1|1569735315522
100|101|2|256|1|3|61f303|1|1569735316530
100|101|2|1280|1|3|11b401|1|1569735317527
100|101|2|16|1|3|c6e1c56d02|1|1569735325525
100|101|2|256|1|3|b63803|1|1569735326534
100|101|2|1280|1|3|e56f01|1|1569735327521
100|101|2|16|1|3|9c16a81b02|1|1569735335531
100|101|2|256|1|3|b53003|1|1569735336531
100|101|2|1280|1|3|106e01|1|1569735337521
100|101|2|16|1|3|abe792ef02|1|1569735345525
100|101|2|256|1|3|13cf03|1|1569735346525
100|101|2|1280|1|3|0dc801|1|1569735347523
100|101|2|16|1|3|cd80176102|1|1569735355539
100|101|2|256|1|3|fc7e03|1|1569735356533
100|101|2|1280|1|3|d8a301|1|1569735357537
100|101|2|16|1|3|bba83cef02|1|1569735365525
100|101|2|256|1|3|7aea03|1|1569735366532
100|101|2|1280|1|3|957c01|1|1569735367531
100|101|2|16|1|3|a00d947602|1|1569735375533
100|101|2|256|1|3|6cda03|1|1569735376531
100|101|2|1280|1|3|b1b201|1|1569735377523
100|101|2|16|1|3|83bed8b402|1|1569735385556
100|101|2|256|1|3|1eff03|1|1569735386532
100|101|2|1280|1|3|e71701|1|1569735387528
100|101|2|16|1|3|6105691502|1|1569735395529
100|101|2|256|1|3|47e603|1|1569735396534
100|101|2|1280|1|3|d3b601|1|1569735397529
100|101|2|16|1|3|2473723e02|1|1569735405524
100|101|2|256|1|3|685c03|1|1569735406535
100|101|2|1280|1|3|9eff01|1|1569735407530
100|101|2|16|1|3|9d5908dd02|1|1569735415538
100|101|2|256|1|3|d53603|1|1569735416536
100|101|2|1280|1|3|fa2401|1|1569735417529
100|101|2|16|1|3|07baebd202|1|1569735425531
100|101|2|256|1|3|d52d03|1|1569735426534
100|101|2|1280|1|3|e5b801|1|1569735427531
100|101|2|16|1|3|683031b402|1|1569735435531
100|101|2|256|1|3|c19a03|1|1569735436535
100|101|2|1280|1|3|ddff01|1|1569735437532
100|101|2|16|1|3|6b89df7402|1|1569735445530
100|101|2|256|1|3|788b03|1|1569735446536
100|101|2|1280|1|3|d69501|1|1569735447531
100|101|2|16|1|3|6abce67802|1|1569735455532
100|101|2|256|1|3|da5803|1|1569735456535
100|101|2|1280|1|3|50f001|1|1569735457531
100|101|2|16|1|3|712e98c702|1|1569735465535
100|101|2|256|1|3|0fc503|1|1569735466541
100|101|2|1280|1|3|91d501|1|1569735467533
100|101|2|16|1|3|cb0cf7fa02|1|1569735475533
100|101|2|256|1|3|cc4703|1|1569735476538
100|101|2|1280|1|3|756c01|1|1569735477533
100|101|2|16|1|3|cc86c51802|1|1569735485533
100|101|2|256|1|3|1e7d03|1|1569735486535
100|101|2|1280|1|3|0e8a01|1|1569735487532
100|101|2|16|1|3|5f5b17c902|1|1569735495537
100|101|2|256|1|3|e0c503|1|1569735496538
100|101|2|1280|1|3|97e501|1|1569735497530
100|101|2|16|1|3|f8249e1502|1|1569735505538
100|101|2|256|1|3|dbdd03|1|1569735506536
100|101|2|1280|1|3|dd8001|1|1569735507534
100|101|2|16|1|3|c6e9df7202|1|1569735515536
100|101|2|256|1|3|ae7703|1|1569735516537
100|101|2|1280|1|3|5b2601|1|1569735517533
100|101|2|16|1|3|c0594a3d02|1|1569735525533
100|101|2|256|1|3|7b0f03|1|1569735526538
100|101|2|1280|1|3|7e9c01|1|1569735527528
100|101|2|16|1|3|edca959b02|1|1569735535539
100|101|2|256|1|3|240c03|1|1569735536538
100|101|2|1280|1|3|2bc001|1|1569735537531
100|101|2|16|1|3|19b16c5f02|1|1569735545538
100|101|2|256|1|3|c89703|1|1569735546539
100|101|2|1280|1|3|4c1f01|1|1569735547536
100|101|2|16|1|3|e53ca77102|1|1569735555537
100|101|2|256|1|3|21f603|1|1569735556539
100|101|2|1280|1|3|b78201|1|1569735557539
100|101|2|16|1|3|ed8e193102|1|1569735565539
100|101|2|256|1|3|405703|1|1569735566540
100|101|2|1280|1|3|5bfd01|1|1569735567539
100|101|2|16|1|3|e0cbb80a02|1|1569735575537
100|101|2|256|1|3|bf5703|1|1569735576542
100|101|2|1280|1|3|b80501|1|1569735577539
100|101|2|16|1|3|3523616202|1|1569735585538
100|101|2|256|1|3|dd8303|1|1569735586548
100|101|2|1280|1|3|f20801|1|1569735587542
100|101|2|16|1|3|0a9893d702|1|1569735595540
100|101|2|256|1|3|f6d903|1|1569735596542
100|101|2|1280|1|3|51d801|1|1569735597539
100|101|2|16|1|3|b0a9532802|1|1569735605540
100|101|2|256|1|3|33cc03|1|1569735606542
100|101|2|1280|1|3|31f201|1|1569735607540
100|101|2|16|1|3|35eb1a3402|1|1569735615541
100|101|2|256|1|3|1d5e03|1|1569735616542
100|101|2|1280|1|3|854e01|1|1569735617541
100|101|2|16|1|3|cf6ec95402|1|1569735625540
100|101|2|256|1|3|c8ff03|1|1569735626543
100|101|2|1280|1|3|e7c801|1|1569735627537
100|101|2|16|1|3|7424190b02|1|1569735635541
100|101|2|256|1|3|6fbb03|1|1569735636543
100|101|2|1280|1|3|ae8101|1|1569735637541
100|101|2|16|1|3|6729856c02|1|1569735645542
100|101|2|256|1|3|356903|1|1569735646542
100|101|2|1280|1|3|675701|1|1569735647541
100|101|2|16|1|3|a3be205902|1|1569735655543
100|101|2|256|1|3|229203|1|1569735656542
100|101|2|1280|1|3|bd3901|1|1569735657542
100|101|2|16|1|3|faf8521402|1|1569735665542
100|101|2|256|1|3|f1a603|1|1569735666539
100|101|2|1280|1|3|efbe01|1|1569735667541
100|101|2|16|1|3|a296072402|1|1569735675547
100|101|2|256|1|3|e7ef03|1|1569735676543
100|101|2|1280|1|3|223b01|1|1569735677536
100|101|2|16|1|3|067aa14e02|1|1569735685545
100|101|2|256|1|3|131f03|1|1569735686542
100|101|2|1280|1|3|18dd01|1|1569735687541
100|101|2|16|1|3|3dbd41c102|1|1569735695546
100|101|2|256|1|3|fcc003|1|1569735696544
100|101|2|1280|1|3|781501|1|1569735697541
100|101|2|16|1|3|b398f9ff02|1|1569735705545
100|101|2|256|1|3|b6ba03|1|1569735706544
100|101|2|1280|1|3|36ea01|1|1569735707544
100|101|2|16|1|3|04a5bb8002|1|1569735715543
100|101|2|256|1|3|405203|1|1569735716545
100|101|2|1280|1|3|20ea01|1|1569735717543
100|101|2|16|1|3|d0c8946002|1|1569735725541
100|101|2|256|1|3|8f8503|1|1569735726545
100|101|2|1280|1|3|755c01|1|1569735727544
100|101|2|16|1|3|eb97c4b502|1|1569735735542
100|101|2|256|1|3|27a403|1|1569735736546
100|101|2|1280|1|3|199e01|1|1569735737544
100|101|2|16|1|3|ad76449302|1|1569735745546
100|101|2|256|1|3|58b103|1|1569735746547
100|101|2|1280|1|3|64d001|1|1569735747544
100|101|2|16|1|3|7a92bf1f02|1|1569735755546
100|101|2|256|1|3|8b9003|1|1569735756547
100|101|2|1280|1|3|81ff01|1|1569735757546
100|101|2|16|1|3|ce1a70a302|1|1569735765548
100|101|2|256|1|3|3dd403|1|1569735766548
100|101|2|1280|1|3|58a101|1|1569735767546
100|101|2|16|1|3|79312e6d02|1|1569735775549
100|101|2|256|1|3|518a03|1|1569735776562
100|101|2|1280|1|3|050401|1|1569735777540
100|101|2|16|1|3|b55479f302|1|1569735785550
100|101|2|256|1|3|315703|1|1569735786549
100|101|2|1280|1|3|91b601|1|1569735787546
100|101|2|16|1|3|78ea405102|1|1569735795548
100|101|2|256|1|3|883503|1|1569735796551
100|101|2|1280|1|3|1d2701|1|1569735797564
100|101|2|16|1|3|ebc8ddfe02|1|1569735805550
100|101|2|256|1|3|63bf03|1|1569735806553
100|101|2|1280|1|3|c7f401|1|1569735807541
100|101|2|16|1|3|44d69a9802|1|1569807906143
100|101|2|256|1|3|405803|1|1569807906819
100|101|2|1280|1|3|6d7701|1|1569807907804
100|101|2|16|1|3|a5bed43e02|1|1569807915819
100|101|2|256|1|3|f0f903|1|1569807916806
100|101|2|1280|1|3|e52801|1|1569807917806
100|101|2|16|1|3|30953b2702|1|1569807925817
100|101|2|256|1|3|bf3403|1|1569807926813
100|101|2|1280|1|3|b49201|1|1569807927816
100|101|2|16|1|3|e870541f02|1|1569807935815
100|101|2|256|1|3|9b8f03|1|1569807936815
100|101|2|1280|1|3|41d001|1|1569807937813
100|101|2|16|1|3|63bc8d8602|1|1569807945817
100|101|2|256|1|3|985303|1|1569807946812
100|101|2|1280|1|3|626b01|1|1569807947815
100|101|2|16|1|3|9e38353902|1|1569807955841
100|101|2|256|1|3|479103|1|1569807956811
100|101|2|1280|1|3|60e301|1|1569807957812
100|101|2|16|1|3|faff6b4502|1|1569807965809
100|101|2|256|1|3|880603|1|1569807966819
100|101|2|1280|1|3|64c501|1|1569807967807
100|101|2|16|1|3|794c89bc02|1|1569807975806
100|101|2|256|1|3|e14403|1|1569807976815
100|101|2|1280|1|3|585201|1|1569807977810
100|101|2|16|1|3|530f25e602|1|1569807985811
100|101|2|256|1|3|d73603|1|1569807986832
100|101|2|1280|1|3|31b201|1|1569807987816
100|101|2|16|1|3|5098add602|1|1569807995809
100|101|2|256|1|3|3ba503|1|1569807996809
100|101|2|1280|1|3|9d8001|1|1569807997807
100|101|2|16|1|3|4e64fb6002|1|1569808005814
100|101|2|256|1|3|1da203|1|1569808006810
100|101|2|1280|1|3|d3c901|1|1569808007814
100|101|2|16|1|3|4310768502|1|1569808015810
100|101|2|256|1|3|cf6e03|1|1569808016806
100|101|2|1280|1|3|ad3301|1|1569808017811
100|101|2|16|1|3|4c7d61bb02|1|1569808025813
100|101|2|256|1|3|bf1503|1|1569808026810
100|101|2|1280|1|3|62d001|1|1569808027816
100|101|2|16|1|3|9ac8290202|1|1569808035817
100|101|2|256|1|3|020603|1|1569808036810
100|101|2|1280|1|3|64e601|1|1569808037807
100|101|2|16|1|3|8aaeedb302|1|1569808045816
100|101|2|256|1|3|c62c03|1|1569808046812
100|101|2|1280|1|3|0a8901|1|1569808047895
100|101|2|16|1|3|8450363202|1|1569808055817
100|101|2|256|1|3|e55603|1|1569808056810
100|101|2|1280|1|3|7a0301|1|1569808057816
100|101|2|16|1|3|901c8df502|1|1569808065814
100|101|2|256|1|3|39d303|1|1569808066815
100|101|2|1280|1|3|b12601|1|1569808067816
100|101|2|16|1|3|ccc3318102|1|1569808075812
100|101|2|256|1|3|d6a703|1|1569808076817
100|101|2|1280|1|3|c70b01|1|1569808077815
100|101|2|16|1|3|8ae9994d02|1|1569808085826
100|101|2|256|1|3|810403|1|1569808086813
100|101|2|1280|1|3|865901|1|1569808087828
100|101|2|16|1|3|cd3ee25f02|1|1569808095811
100|101|2|256|1|3|2b9e03|1|1569808096818
100|101|2|1280|1|3|4d9f01|1|1569808097814
100|101|2|16|1|3|46d3bc9d02|1|1569811002567
100|101|2|256|1|3|1b4803|1|1569811003341
100|101|2|1280|1|3|813101|1|1569811004342
100|101|2|16|1|3|8c77829c02|1|1569811012346
100|101|2|256|1|3|cce403|1|1569811013351
100|101|2|1280|1|3|fcd301|1|1569811014348
100|101|2|16|1|3|f435687802|1|1569811022357
100|101|2|256|1|3|bdeb03|1|1569811023352
100|101|2|1280|1|3|dddb01|1|1569811024352
100|101|2|16|1|3|a8d45f3502|1|1569811032356
100|101|2|256|1|3|783f03|1|1569811033338
100|101|2|1280|1|3|f26b01|1|1569811034343
100|101|2|16|1|3|7c95e45902|1|1569811042343
100|101|2|256|1|3|49ae03|1|1569811043345
100|101|2|1280|1|3|89be01|1|1569811044353
100|101|2|16|1|3|c0122bc202|1|1569811052345
100|101|2|256|1|3|c5cd03|1|1569811053352
100|101|2|1280|1|3|b17801|1|1569811054358
100|101|2|16|1|3|dfb6ae2c02|1|1569811062339
100|101|2|256|1|3|ce3603|1|1569811063340
100|101|2|1280|1|3|7b2701|1|1569811064353
100|101|2|16|1|3|ffd91e0f02|1|1569811072339
100|101|2|256|1|3|b16f03|1|1569811073347
100|101|2|1280|1|3|f48901|1|1569811074354
100|101|2|16|1|3|169edfa902|1|1569811082349
100|101|2|256|1|3|a31703|1|1569811083350
100|101|2|1280|1|3|c40101|1|1569811084353
100|101|2|16|1|3|b90f8a0502|1|1569811092351
100|101|2|256|1|3|889203|1|1569811093346
100|101|2|1280|1|3|445301|1|1569811094353
100|101|2|16|1|3|9a13873802|1|1569811102350
100|101|2|256|1|3|566003|1|1569811103342
100|101|2|1280|1|3|ee7f01|1|1569811104351
100|101|2|16|1|3|85d6975002|1|1569811112345
100|101|2|256|1|3|961d03|1|1569811113342
100|101|2|1280|1|3|975a01|1|1569811114348
100|101|2|16|1|3|e08290bf02|1|1569811122351
100|101|2|256|1|3|488203|1|1569811123350
100|101|2|1280|1|3|54fa01|1|1569811124351
100|101|2|16|1|3|2ca488e002|1|1569811132350
100|101|2|256|1|3|4d2c03|1|1569811133349
100|101|2|1280|1|3|481d01|1|1569811134350
100|101|2|16|1|3|7e865f8702|1|1569811142351
100|101|2|256|1|3|56de03|1|1569811143343
100|101|2|1280|1|3|954501|1|1569811144364
100|101|2|16|1|3|7f015dc702|1|1569811152351
100|101|2|256|1|3|d2b403|1|1569811153346
100|101|2|1280|1|3|c11e01|1|1569811154351
